0 0.062500 0.365000 0.067500 0.110000
1 0.130625 0.365833 0.053750 0.105000
2 0.192500 0.367500 0.052500 0.108333
3 0.253125 0.365000 0.058750 0.106667
4 0.314375 0.364167 0.051250 0.108333
5 0.373750 0.365833 0.050000 0.108333
6 0.432500 0.365000 0.055000 0.110000
7 0.491875 0.365833 0.061250 0.108333
8 0.543125 0.365000 0.026250 0.106667
9 0.582500 0.364167 0.047500 0.108333
10 0.641875 0.365000 0.056250 0.106667
11 0.701875 0.366667 0.051250 0.106667
12 0.765625 0.365833 0.071250 0.108333
13 0.833750 0.365833 0.057500 0.105000
14 0.899375 0.366667 0.058750 0.110000
15 0.961875 0.365833 0.053750 0.108333
16 0.060000 0.519167 0.062500 0.111667
17 0.125625 0.520000 0.056250 0.106667
18 0.187500 0.519167 0.055000 0.105000
19 0.246875 0.518333 0.056250 0.106667
20 0.310000 0.519167 0.057500 0.105000
21 0.372500 0.519167 0.057500 0.108333
22 0.437500 0.519167 0.060000 0.111667
26 0.045625 0.672500 0.028750 0.105000
27 0.095625 0.672500 0.053750 0.105000
28 0.152500 0.670833 0.050000 0.108333
29 0.211250 0.673333 0.055000 0.103333
30 0.276250 0.672500 0.052500 0.108333
31 0.338125 0.672500 0.056250 0.108333
30 0.402500 0.671667 0.052500 0.106667
32 0.460000 0.674167 0.050000 0.105000
33 0.521875 0.673333 0.053750 0.106667
34 0.582500 0.675000 0.055000 0.106667
35 0.645625 0.672500 0.058750 0.111667