A 0.062500 0.365000 0.067500 0.110000
B 0.130625 0.365833 0.053750 0.105000
C 0.192500 0.367500 0.052500 0.108333
D 0.253125 0.365000 0.058750 0.106667
E 0.314375 0.364167 0.051250 0.108333
F 0.373750 0.365833 0.050000 0.108333
G 0.432500 0.365000 0.055000 0.110000
H 0.491875 0.365833 0.061250 0.108333
I 0.543125 0.365000 0.026250 0.106667
J 0.582500 0.364167 0.047500 0.108333
K 0.641875 0.365000 0.056250 0.106667
L 0.701875 0.366667 0.051250 0.106667
M 0.765625 0.365833 0.071250 0.108333
N 0.833750 0.365833 0.057500 0.105000
O 0.899375 0.366667 0.058750 0.110000
P 0.961875 0.365833 0.053750 0.108333
Q 0.060000 0.519167 0.062500 0.111667
R 0.125625 0.520000 0.056250 0.106667
S 0.187500 0.519167 0.055000 0.105000
T 0.246875 0.518333 0.056250 0.106667
U 0.310000 0.519167 0.057500 0.105000
V 0.372500 0.519167 0.057500 0.108333
W 0.437500 0.519167 0.060000 0.111667
1 0.045625 0.672500 0.028750 0.105000
2 0.095625 0.672500 0.053750 0.105000
3 0.152500 0.670833 0.050000 0.108333
4 0.211250 0.673333 0.055000 0.103333
5 0.276250 0.672500 0.052500 0.108333
6 0.338125 0.672500 0.056250 0.108333
5 0.402500 0.671667 0.052500 0.106667
7 0.460000 0.674167 0.050000 0.105000
8 0.521875 0.673333 0.053750 0.106667
9 0.582500 0.675000 0.055000 0.106667
0 0.645625 0.672500 0.058750 0.111667
